680 INDEX RERVM ET v0c13vLORvm

43023. 449, 4. 616,11. 10160 [11011110 singulorum 110111011,26.369,26.“429,Ι

626, 10. 660, 4; 661, 14 generum 366, 27 7. 666, 7. nominum grue-
101110 inaequalia 68, 31. 0001000110110 614, 31 1011110363, 26
63, 3. 231, 12. 378, 22 supina 430, 30 1010 110 231, 13. 436. 20.
inchoativa 16, 27. 17, 2. 18, usurpativa 626, 28. 648, 26 437, 14; 23. 486, 20. 664,
, 26426. 213,6;18. 221, 1011111111 est 6486 17ς28.1 .
31. 261, 4. 376, 6. 377, 6. 10110 482,,7. 607,2. 629, 17. 1010 10100437, 23. 486, 20
430, 23. 437, 4. 448, 24. 664, 26 1011101633,9
470, 6. 613, 4. 616, 46. vertex 633,1 vox 26, 30. 39. 3
626, 34. 643, 31. 660, 17 10110 607,2 11100110 693, 11
1000100001111721. 1320. 10111601,16 urgeo 7230
64, 16; 21. 68, 21, 61, 8. ,vescor 68, 36. 438, 16 1110110 72, 30. 693, 17
62, 12. 71, 30. 216,10. veternum 632, 21 00 finita 1101111110 161, 34.
230, 20. 237, 23. 241, 4. 11001100 13, 29 419,10. 640, 3. 661, 21.
261,17.370,23.380,11. 11001101617,16 neutra 499, 11. graeca
436, 19. 438, 28. 616, 4. vicem 428, 27 423, 6. 424, 16
626. 6. 646, 10. 640, 25⁸ vidua 344, 6 usque 76, 16. 273. 31
meditativa 16, 23. 17, 36. 1181136626668, 10 11169,8;28. 261, 20. 619,
219, 6. 376, 4. 430, 23. vigor 633, 24 14
449, 2. 626, 27. 649, 28. 11110 11Ιο 392. 8 11101211, 22. 666, 1
660, 9 Viniolis 349, 6· 11101 utris 693, 2
monosyllaba 63, 4. 232, 23. 1101111142,31. 177,23. 348, uterque 211, 22. 608, 19.
370, 16 12. 427, 23. 498, 36. 606, 666, 1
neutra 16, 8. 66, 20. 68, 7; 26. 636, 31. 673, 3 1110 393, 1 .
29. 227, 83 30. 223, 21. 110 (1) 037, 11 7011000110168,18. 136, 13
366, 2. 367, 26. 430, 29. violenter 22, 16 vulgo 476, 14
611,26. 616, 7. 642, 31. 11111110 617, 16 - 1·1111111040,22.162,18.163,
661, 16. 627, 26. 662, 17 11100 42, 28. 362, 2. 427, 27 28. 346, 16; 31. 427, 27.
00011010100111116423.63,3 110132,22.634.1 ⁴ 636, 10. 693, 13
¹ 11001100000110368, 13. 431, 11000111 427, 27. 498, 37. vulnus 633, 28
3. 614, 41 viscus visci 6337 vulpes 633, 22 .
1101011111)υο 0101111037,19. 11000011000110428,28.6334 uus 1111110 nomina 620, 26
341,1, 464, 23. 463, 31. 1100 443, 7
’ 471119 10853017. , 1101, 1010, 0;10. 001.
11010110ςο661, 23 1110111110 11110011 286, 23 10, 20 108 4, 1¹9 Ψ
ρο10010111010601,6,604,27 1111110 496, 22 ,’ ’, ' ’ ’ ⁰
. participalia 0. participium ululatus 633, 30 ¹ fi¹¹¹¹⁸ ¹¹⁰m¹¹¹ss 42⁰2 23· ⁴9⁸·
01010000, 0, 111, 10. 000, unus 211, 22. 566‚1 20· ⁵0³» ¹3· ⁵04, 19. 169.
1. 001, 10. 100, 00. 011, ulterior unimus 101, 10 '2³
23. 661, 16. 627, 10662, 11111 11111111 uomina 161, 38.
19· 414, 97· 49811197 11010110010001
ρο0011011011110431,8 1111101110 693, 23. humerus ὅπαριος 12, 15
7070173019 628105· 633, 589119 10611110 1101111110 424, 17
37. 663, 31 · undo 472, 26
perfecta 17 , 32. 219, 6. 220, ungo ungeo 646, 23
100100. 4000011010. unus 211, 22. 000, 10. 0001 7198113393· 1¹0·‘²⁷· ¹1⁶·
0000 · , 1010111010 00, 1. 0400 99119119
01001000, 00. 00011 voca1es 26, 28. 100. 0. 101, 11111 9937
ρ1111011101111220,33 271064 111131111301.12.304,17 ⁴
100010111111622, 12 vocativus secundae 1101111111· ζῶ 623, 1

 

