INDEX nultvn ET vttoanvuouvu

, d inaminatum 392. 16.a

linita nomina 164, 30 412,
18. 49616, latina 16132.
1111111139, 21. 41, 17: 23,
47, 31. 483. 16212. 164.
32. 117. 12. 422, 26. 425,

560. 31. pluralis tertiae
declinationis in is 46. 19.
191, 5. 355, 20. 356, 26.
singularia nominum grac-
corum 111 111 11111 422, 24.
11 a 423. 13. 425, 6: 11.

1111111243, 16. 644, to. in
1163, 2. in 1· producta 111
correpta 63. tt. 64. 26.
65, 19. 518. 42. in 1 111
11121, 30. 22. 14. 63. 14.
245,1. 517, 7. 519. 1. 111

ens 517,17. in i 518, 41.
in im 517, 16. 518, 32.
552. 15. 644, 20. 111 063.
27. 64. 2. in u 518, ao, in
11122,17.517,14 518,
40. 1111111111111111 68, 24250,
30. conparaudi 1561. 1011
21, 15. 64, 21. 67, 5; 26.
68. 5. 69.4; 15. 247. 1.
518, t. numerarunt iu 11 11
um 517. 22

1111110 adulor 59. 17. 233. 9:
3436014

15. 496, 17. 501. 21. nen· pluralis nominum 1111111

111 1915. 357. 18. 535, 3. rum in as 625. 6: 11

557, 15. 111 terminatione 111111023810

praepositionum adverbio· aceo 437. 26. 606, 36

rum coniunctionum 75. 22 1111111111 1111111553, 13
111600, 18. 637, 22 11111136, 1 Ἴ
aldrino 519. 32 acinaces 2842331149. 380.
11111111111(1)500.22 25 ·
ablativus 11,11, 171,12. 111111111572.10

173, 22. 183. 11. 188, 17. acuo 437, 26. 606, 37

533, 2. singularis 11111111 acus acula 41. 13. 48, 13,

111111111101111111 1111 1 12. 420, 5

9. 38. 8. 46, 21. 258, 31, 101111111111111111131,30.120.0

429, 27. 355, 5. 358. 21. acyrologia 2034 1111111572. 7

500, 21. 504, 11. 534, 2; 111125, 11. 74. 26. 77, 2. 268, 111111111111111110651132. 654.

6. 539, 38. 557, 13. parti· 35.·273.4 ‘24

crpiornm 23, 4: 25. plura· arlaero 458, 32 Aegyptus 571. 3

111 prhuae declinationis in 1111111) 378, 24 · 111-’01611111 3111ὓ

alnis 11, 14. 46, 3. 173, adipiscor apio-or 466, 22 11111111111111111112121.11111.

26. 188. 28. 354, 6. 427. adoptnlns 453, 33 614,17

6. 533, 16. 6563711111- adsentio adsentior 233, 34. 1115714

111 declinationis iu 110111 36914 1111177.33.412.8.427,15.

47. 18. 194, 12. 354, 34. adspiratio 27, 25. 28, 8, 29. 428, 31. 499. 33. 536, ,at

537.16.563, 15. 11111110- 22. 107, 26. 110, 23, 116, nestnsaestas571.ltt

rum graecorum ina ex· 10117. 14. 132, 28. 430, 11111111 427, 28

euntium425, 17 8, onim 1511010111078,10.277,.“16 ’
101101111111600,21.637. 30 adsum 01816 atri 287. 5. 392, 4; 12
accentus 31, 28. 60, 28. 74. 11111110 1111111111 666, 38 ager 571. 15

25. 125, 34. 265, 8. 248. advena 164. 35. 18012 1111111481, 18

3. 251, 12. 255, 24. 285, adverbium 1111121121112. aggero 1111111481, 18

24; 30. 347. 5. 3110, 24.
392, 5; 12; 18; 26, 510,
37. 111111111110111111179, 15,
nominum conpositorum
130, 18. praepositionum
78. 2. 279, 37. verborum
600, 22. 601. 23. 614, 31.
637,7

11111111111201, 6
aocnsativus singularis 11111111,
declinationis in im 192,
12. 355. 3: 22. 430. 7.

14. 97. 20. 134, 32. 241. agnomen 35. 7. 141, -t; tc..
10. 516, 20. 54616. 551. 339, 14

35. adverbia pro nomini· aio 59, 3. 232, 1. 377. 12.
11111 135. 37. 255, 30111111 379. 26. 382, 14. 436. 11
praepositionibus 21, 22. alduini nomina414.16.5dd,
25. 17. 64. 22. 69, 32. 31. 538, 28. 557. 36
248,16. 255. 6. 274, 3. alacer alacris 559. 22

510, 31. aa participiis 62, 1111111111ιο nlinnsis 144,
32. 72, 33. 243,.111. 264. 17

6. ex praepositionibus 24, 1111110468, 19

31. 273. 34. 279. 14111 1111011510 464. 18. tao. 25
pronominibus 243, 0. ex 1111114135

 

