660 lanua suatunoavu

Terentianus 242, 33

11,116 1029

459 29,14.116,16

1103 29, 26. 117, 23. 399, 22
1160 11226 ,

1192 11216

1317 11221

2226 1221232228

nmmuumumfflmu
numuuwuummuu

[1116111231 233, 10
4727
11231 38211
41 47,9
44 64, 24
2,12 46232
tv 219 321
1121 67, 12
8 16313
’3, 61 1328
214 67, 10
Andr. prot. 1 3026 ·
10 6928. 631, 14
26 30211
122 3922
42 69, 33. 519, 33
47 617,9
107 3221. 665, 23
26 60231
13 30214
6, 61 666, 22
11228 5627
31 365, 171
5,15 60236
220 23311
11124 21236
31 36216
lV 4, 22 46224
24 2323724218
5,19 68. 24
vat 665, 26
3, 28 4728
.4,9 48227
30 29316
37 46, 28. 173, 11.
26 3221
Eunudt. prol. l 30214
17 30222
32 39, 20. 162, 10
11,1 67, 28
298 66223
11215 76, 21, 666, 22
26 4621
40 64220
3, 20 5224
24 497, 41
30 626
32 470, 27
40 2428
111210 34227
22 665, 24
6,6 307,7
46 6210

Tar. 1111111111.μνοΙ. tv 4, 10 50, 28
1123 46229
lteautou timor. prol. 19 637, 32
11210 26232
346 5627
17218 47217
218 61217
liecyru 28 6211. 207, 23
21046216
114 624, 37. 646, 4
111 5, 45 18, 33. 67, 7.
226, 27
73, 31 6212
Ρ11ονηι.ρνο1 28 373, 1. 380, 27
11,1 187. 29
216 37221
27 69210
61 38219
213 48224
111213 48319
11218 7212
30 6234
723 31236
24 4726
25 48221
Tibullus 11 1,7 58217*
38 5823
Trogus 693, 21

Valentinus 677, 1
Valerius 326, 26
Valgius 6824
Varro, M. Terentina 10, 6. 41, 27, 48, 23.
49, 23. 159, 23, 164, 13. 199, 13. 202, 3.
324, 31. 326, 26. 361, 9. 367, 23. 647, 9.
67218, 21. 574, 9. 576, 10, 576, 13. 586,
17; 24. 687, 1; 10;14117. 688, 1; 4.
590, 9; 16, 691, 26. 692, 5⁸. 593, 18. 629,
18. 664, 21. 111 actionibus scenicis 690, 4.
ad Attium 98, 23. 108, 10. ud Ciceronem
312 32. 684, 27. ad Neronem 59226, iu
tibris numerorum 517, 31. quaestionum
apistulicarunu 688, 19. in 611ιί111672, 16,
Menippeas in Catamitu 468, 2. in Scaevola
626, 26426 , ·
Varro Atacinus 306, 18. 349, 11*
vmmuuuumussm.
32229. 34212. 37216. 506, 26. 544,
27. 673, 31. 677, 10. 580, 3. 5824. 687,
3. 690, 23. 691, 18
61166129 57227
12 37236
14 52213
16 42231
26 5226
30 24, 32. 76, 19. 270, 26,
, 27227
33 369, 22. 6621
34 67210
46 3622
54 69211
60 55219
69 359, 21
70 302 29. 324, 24

 

