INDEX RERVM ET vootuvtouvtt

11150 45, 8, 46, l. 138, 0.
172, 20. 180, 0. 352,17.
428, 10

taedet 58, 22. 373, 27. 435.
27. 515, 12. 048, 1. 1111111
58 22

ψὴὴωη

1111115921

1111121, 12. 152, 1. 156, 2

11111151,9

tapinosis 204, 27

Tartarus 30, 24. 102, 28.
345,12. 426,16. 537, 9.
torti-rus 392, 17

tautologia 204, l

Telchinas 558, 25

11111110 388, 13

111110111111592, 7

1111111111592, 6

11111001111150111111 10, 0. 00,
umffiummu
24. 002, 22. 612, 4. 035,
10. temporum iu modis
101111111111029, 19. 315, 3.
6115, 11. 611, 6618, 24.
629, 24. 622, 35. 535, 19.
643, 36

1111151111· 423, 11

1111011132, 7

111111177,12. 78, 20. 269, 32.

272,· 32. 273, 23, 275, 12.

278,8 ·

111111 505, 30

tergo 1111111545, 25

turgum 1111101539, 7

11111111 448, 28

testa testu 414, 14

1511111111 592, 9

t ’11115119 ’111151 178, 7

’1111111111035 15

7511111596, 22

1511113919. 129, 20. 321,

6οὠ &purim 611, 25

1111111389, 26

11 syllaba u. 11511111

1111110437, 8. 438, 15

tmesis 399, 20. 300, 29

tofus 591, 26

111110 436, 18. 438,13. 696,

tondeo 59, 19. 233, 5. 368,
25. 369, 13. 432, 26

10111326

10111111591,28 ,

torquis torquis 418, 20. 453,
28.592,5

1111111592, 13

10110 intert'ertt'o 329, 6

10111150, 31. 53,10. 204, 1.
566, 1. totuis 302, 1

11111111 591, 27

tituto 051, 32

Trallibus 340, 4

11111111 591, 25

10111698, 39

1111110437,15

τρέφω 608, 37

trepidos 453, 21

tribrachus 322, 36

tribuno! 502, 15

1111111147, 22. 195, 5

1113114289

triumpho 11101101111161, 28.
239, 15. 262, 18

trochaeus 122, 21. 322, 32

110ρί 296, 5. 395, 1. 324, 21

1111103922

trunco 400, 30

tu, 1111 tis 208, 19

tuatim 02, 24

tub'ur 364, 19

Τ11511111111596, 22

111101 11101 464, 28

11110 697,1

tunicatus 202, 11

1111110592, 11

turdus 161, 23

Turia 41, 214. 161, 23. 412,
29. 496, 29

Turribus 349, 4

1111111355, 12, 501, 24

turtur 502,3 ’

11110517, 12

tympanisso 626, 23

11111111111111398,3 -

vw4mmums

305‚15. 11 vot-uiis pro cou-
sonuuto 302, 37. 1101110-
11111010 vocali 303, 2. u
proi 104, 32. 1 111 611111111-
111111392, 15. additum 397,
14. omissum 324, 0. 383,

‘ufflwmmw

31. 649, 8. 643, 12
11 1111111 uomina 42,19. 165,

mm4mwffi

23. 414, tt. 497, 31. 591,
12. 564, 23

vacillo 55, 2, 221, 5. 376, 23

vudum 455, 2. 450, 21

11110 437,9

11151111 vatius 502, 24

1111111 592, 22

1111015643

1111 1111111455, 2. 459, 21

111 vasis 40, 10. 100, 14.
mmmuwu
502, 17 ⁴

ubertim 518. 39

1174, 28. 131, 24

111111 503, 29

11511 502, 27

1111110468, 22

velius 503, 26

1111110 369, 31. 474, l

venetium 503, 15

W

111110 369, 31. 038. 33

vepres 428, 6. 592. 19

verber 534, 24. verberis 428,

1115110 37, 22

verbum 1919. 16.1. 53, 28.
07,0. 134, 18. 212. 3. 365.
28. 439, 15.·447, 15. 599.
28. 542, 19. 551, 10. 599.
11. 631, 20. 034, 1. 111-
borum rouiugutiours 0,
10111111111101111. formae 16,
21. 17, 31. 219, 5. 375.
30. 430, 22. 625, 23. 649,
26. genero 111 significatio-
1111 u. genus. modi 111
qualitates 0. modi, 11111-
00111,111110011 ⁴

111111 activa 18, 35. 58. 5.

227. 15. 366, 1. 367. 17. “

430, 27. 542. 28. 551, 15.
mmm
anomala 111 ,inaequalia 58, ,
111Μ191
15. 634, 25. 638, 3
arbitrario rei προαιρετικοὶ
622,12

rommunitt 19,1. 56, 22. 58,
7; 27. 228, 25. 269. 10.

, 307. 39. 430. 34. 513, 7.

542, 33. 551, 18. 627, 32.
652. 36

10111111 111 primu persono
praesentis 437, 20. 473.
10. 480. 10. 111 praeterito
437. 25

1011001111 195. 284, 8. 370. -
15, 485, 24. 599, 21, 694,
24. 636. 26

1111111111 58. 25. 61, 39.
217.11. 230. 10. 231. 35.
238, 34. 240. 3. 261. 27.
379, 6, 373, 21. 377, 9.
378, 3. 370. 10; 23: 33.
382, 10. 430. 4. 628. 211.
mumffimu
653, 25 '
1111111115ιί11 54, 31. 229, 33.
376, 23 t
(1100111011118. 36, 56, 6.
57, 31. 58, 20. 228, 12;
18. 259, 34. 367, 28. 439.
32. 513, 7. 542, 36. ’551,
17. 628, 8. 652, 39
1111111111154, 33. 611, 23.
636, 12. 1110111015111221.
22. 450, 13. 451, 31. 486,
39. 1 praeterito 01111110
487. 28

1111111111111516. 14
frequentativa 1618. 17, 32.
18. 8. 54. 203 27. 01, 32.
210, 6. 229. 11. 221,14.
249, 8. 376, 3. 377, 14.

 

