1110111 1110101111 · 659

Paulinus 571, 17. 580, 90. 581, 17,94. 689, 683, 5, 8, 10. 684, 1, 3, 98, 686, 30.
19. 684, 14. 686, 90. 689, 18. 594, 7 685, 6, 19. 687, 3⁸. 688, 9, 19, 16. 589,
Persius sui. 1, 34 480, 30 4, 8. 590, 9. 591, 6, 99. 593, 4, 99, 94.
58 4836 594,1,6
9, 30 348, 99 . ·
3,9 471, 97 Quintilianus in controversia 186, 39
uwu wmwfflwwm
⁴6, 68 135,6
5,6 153,9 615111019019 .
94 161,94 ,8101160019094
70 491, 30 8111110110199, 19. 38, 39. 69,11. 76, 93.
Petronius 157, 11. 678, 93 165, 96. 163, 6. 168, 18. 180, 5. 195, 90.
wmwwwwwwmw,ffiffimffimffiffiffiQ
1⁶ 111
. , . , .

iiim} 11741501, u gffggsffig3⁸⁸i5¹gfg>gggu ¹*iliu 1148111- -

111 w
wwmww , ,u5ffiw
mmmmaefflae wmAEmwmw .
mewww ww
mwwuww numu

1112‚80 1³6‚24·255‚33 luqurti.1 11,1.111,1, 519‚11
Ι Poen. Ι9,154 576,“2 6 694, 94. 645, 39
mmmmmsws mtmmwmwm

&fflfflffl tuwwww
5, 38 380, 98 105 ω

111 Rudente Ι 4, 31 659,1 114 208, 8

Plinius Secundus 45, 13. 49, 97. 50, 8. 144, 5111101515, 94
’ 15. 154, 13. 17913. 193, 36. 901, 5997, scholastici 158, 35
93. 933, 35. 983, 18. 999, 13. 111 libris du· Semianimum
bii sermonis 185, 18. 560, 30 Severus, Cornelius 588, 9, 96. 590, 1, 91
Potio, Asinius 574, 5. 599, 4 Severus, Sulpicius 577, 8, 18. 580, 91, 589, “
Pompeius 317, 13. 319, 93. 396, 90 3. 583, 30. 585, 3, 98
Pomponius 40, 11. 574, 95 Sextius (1) 305, 11
. 9010015903 SidoninsApoilinuris 576,15. 577, 4, 6. 581,
Porphirius 398, 19, 17, 90 98. 589, 7, 94. 583, 19. 684, 30. 589, 14
Priscianus 466, 31 Sinnius Cupito 110, 1
Probm 10, 6. 90,19. 165, 17. 189, 31. 959, Statius 998, 36, 939, 36. 960, 15 “
37. 396, 96. 396, 91. 366, 19, 27· Aciiii. 1 131 465, 9
0111101. p. 17 45, 18Ι 138, 5. 187,5 11994 475,13
39 941,1 349 483, 98
instit. p. 61 138,18 Tiamou 48998
59 154,33“ 968 473,19
53 169,19.178,14 338 167, 99 ,
61 159,34 11389 483,91
73 166,1 495 173,14.188,14
89 173, 31. 188, 38 ’ 111161 464,98
131 50, 14. 900, 19. 911, 97, 301 48930
319, 99 Ι 494 478, 93
144 969,10 539 464, 31
147 76,11.980, 19 111909 489,7
180 995, 93 599 59,15
Propertius 113, 94 696, 16. 651, 98 1111130 479, 97
, 33, 37 590, 94 ’ IX 142 306,13
iii 13, 35 5886 901 478, 96
. 1111044 599,5 11594 178,8
11,15 676, 99 111361 483,4
Prudentius 579, 5. 573, 94, 96. 574, 15, 18, 389 483, 9
576, 99. 57719, 16, 19.678,16, 17, 91. stoici 34, 93. 135, 96. 611, 36
679, 93, 99. 580, 1, 14. 581, 1, 8, 15, Symmachus 584, 5. 688, 96
90, 99, 95, 39, 589, 1, 63 9, 17, 95. Symposion 577, 1·

 

