latini llElll'lll ET lontnl'lottvlt

cotidie cottidie 392, 1
coturnix 573, 13
51565155 573, 19

5155 136, 3

’ 515615 517, 12

51550 4141
Creon Creo 146,1
crepo crepare crepere 486,
22
, crepundia 428, 12
cresco 384, 29. 437, 26
511515 675, 11
cristallum 576, 6
crocodillus 575, 15
crocus crocum 676, 5
crotalisso 626, 24. 651, 23
5155117618
5561155 cubitum 574, 12
5565 468, 10
5555 433, 24. 471, 17
55155, 511155 5515 5511111149,
17. 50, 23. 51, 6. 53. 4.
204, 36. 210, 15. 494. 9
cuicuimodi 207, 31
5511555 culleum 576, 10
5515155577,6
5515155 culmum 576, 12
551151575, 20
· 5515 praepositio 269, 35
551565 4688
55556515 428, 13
55555 428, 8. 574, 18
cupido 573, 31
0556553414
curriculus curriculum 576, 3
5511115 576,3
cuspis 573, 26
55115 576, 15
cyathisso 626, 23. 661, 23
5111155711

Diurmutatum392, 15. si·
611555 286, 11

dactylus 30, 23. 323,11

dapes dapis 428, 10. 578, 1

dativus singularis nominum
graecorum 5115 finitorum
423,11

dea deabus 46, 4, 173, 27.
188, 29. 189, 19. 354, 6.
427, 7, 533, 17. 556, 37

55555 55551 625, 8. 646, 26

δέχθαι 624, 20

55555 55551536, 41

δεδορκήσω 610, 38

dedecora 610, 30

55551115 137, 15. 317, 13

5515115 21, 22 ·

defrutum 427, 23

5561115519,34 ·

551555 519, 35

deintus 21, 22

55111555 558, 25

deliciae 428, 9

t

551155 496, 10

deminutiva 5. 55151615, no·
15155, 15165

dentis 396, 8

55555 555555 464, 20. 482,
16. 486, 25

deponens o. 15161115

desolo 467, 28

55151101 431, 9

55115 (l) 637, 11

dexter 36, 32.’ 340, 1

51 syllaba 5. 5161155

diadema 197, 13, 577, 30

diaeresis 297, 28. 389, 13.
392, 36. 397, 6. 400, 22

Diana 389, 6

5551515551. oar, aa.
652, 6

diastole 132, 12

515515 dicas 428, 19

dicionem 45,19; 32. 172, 32.
187, 6. 352, 13. 428, 16

5155515115 437, 21. 468, 16.

· tao, 12

1115551515 18, 20. 437, 21.
468, 32486, 12. 544, 27.
618, 18. 640, 35

51515137, 8. 340, 17

Dido 35, 19. 424, 21

dies 46, 17, 190, 30. 345,26.
577, 23

Diespiter 351, 25

difficile 65,7. 245, 20. 519,1

digammos 27, 19. 105, 3.
606, 30

dignus 45, 28. 173,10.188,9

dilapido 471, 6

diphthongi 29, 11. 115, 12.
118, 29

diploidis 578. 2

111ψῶ 608, 12. 623, 1

515 dives 153, 12

disciplina displiciua 324, 19.
392, 25

51555 434, 24. 437, 15

51551155 280, 23

dissors 505, 33

(11155153, 10

51111155 428, 9. 506, 21

diurnus 578, 3

uo 1111111115, eo. 111, 11.

629, 17. 654, 23. duint
436,8

do, domus 388, 22

(15155577, 31

comodo, 14

551555 21, 24. 26, 16. 47, 7.
64, 23. 69, 5. 192, 30.
354,13. 577, 28. 55388,

nores 608, 13. 609, 17. 614,
20;32.623,2

dormito 376, 30

051555116515349, 15

669

dorsum 577, 21

555115 numerus 10, 20. 60, 6. ’
165, 28. 174, 17. 234,18.
347, 32. 379, 5. 599, ts.
632, 2. 636, 22

51155 18, 20. 544, 25. 640,35

duint 436, 8

dno 165, 29. 174, 20. 413,
26617, 14,Ι 636, 23. 638,

duumvir 524, 30

5515 5511111122, 14. 63,15.
66,3, 245,3. 246, 15517,
9. 519, 6

11515 55155464, 20. 486, 25

δύναμαι 605, 6

Ε 102, 4. 5 detractum 388,
15. 392, 8. 400, 755155
392, 16. 55 pro e285, 8.
5 finita nomina 165, 3.
413, 1. 496, 23. 500, 10.
557, 23. graeca 422, 28.
497, 4, 15 56151115 singu-
lari 11,17. 15 ,1515115511555
adverbiorum 62, 25. 63,
21. 64, 26. 65, 19. 244,21

e, ex praepositio 77, 10

ἡβῶ ηβωω 621, 6

ebur 5651416, 10. 578, 4

56515555 578, 5

555515 eccam 51,17. 53, 2.
205, 33. 210, 31

55111555 578, 11

ἔχω 609,1

eclipsis 294, 25

ectasis 297,14. 388, 29. 400,

ecthlipsis 298, 9. 390, 11.
400, 29 -

eculeus 678, 6

edepol 21,9

555231, 23. 382, 31. 436,
18. 472, 16

ἥδομαι ndat 647, 32

55555 555515, educo educas
469, 21. 486, 5

5153155 578, 16

egeo 437, 13

ἔγκλισις 374, 12. 612, 25.
631, 22637, 36

ego 14, 23. 541,16.617, 14.
638, 16. mei mis 14, 23.
208, 18

εἰκάζω 604, 11

εἰμι’ 613, 24

cl 115115 nomina 500, 37.
558,1

elefantus elephas 578, 13

511551 51, 17. 53, 2. 205, 33.
210, 31

emblema 197, 11

emendo 473,9

 

