. natrix 421, 15 ’

’ 69, 30. 74, 25. 131, 23

074

naevus 584. 27

nar nares 412, 4. 584, 22
Narbo 346, 5

nascor 57, 33. 439, 4
nasum 584, 24 172, 18. 186, 5

5515 natabus tentabas, 17 ‹lemiautiva 35, 14. 39, 4.
nato 388, 18. 483,16

nomina 1015515115 34, 26.
mmmm
ctetica 36, 10. 147,7. 341,2

145, 4. 164,13. 198, 32.
5515 138, 9. 172, 20. 186, 9 340, 22. 346, 26. 537, 2.
naulragns navifragas 455,1 549, 34. 5 conparativis
uatis 358, 21. 430, 11 154, 32. quasi deminution
Navissum 346, 6 340, 27 ,
115 adverbium et coniunctio derivativa 143, 18. 202, 4.
242, 17. 339, 2. 340, 15.
necessario 517, 11 341, 9. 451, 31. 5. verba·
nectar 499, 35 lia ·
115155 1387. 172,2; 29. Ι186, 55155555 u. epicoenon ge·
19. 352, 24. 550, 22. 584, nos
28 epitheta 36, 14. 147, 13.
negotium 584, 30 148, 15. 339, 2. 340, 8
nemo 50, 26 ‘ 1111541, 7. 163, 34. 346, 14
ώωωι, gwmunmm.
nemus 584, 18
1155155428, 11
napos 36, 1. 146, 14
Neptunalia 428, 14
nequam 5555115168, 14
1150151 53, 18. 211, 22. 508,
38. 566, t. neutrum 389,
2855511551 vel neutrale

341,24

gentis 36, 20. 147, 33. 340,

1. 549, 32

graeca 35,15, 145,10. 197,

3.364,15

0515105015 559, 30

homonyma 35, 30. 146, 9.

341,18 ’

inanimalia 540, 31

incorporalia 34,27. 143,13.

338, 14. 549, 31

individua 839, 3. 341, 27

· metlino significationis 36,
12..340,7

229,21
5511048514
Nicostrate 98, 11
nigreseo 650, 28
1115110517,17
nix 684, 26
50 479, 1 1501101541,5. 163, 34. 346,
00550 648, 22 14
00515 1105111 63, 16 5150051115 564, 27
11010 231, 19 monoptota 41, 30. 45, 30.
nomen 10, 8; 14. 34, 25. 96, 172, 1, 413, 25. 550, 21

22. 134, 18. 137, 1. 317, monosyllaba 411, 30. 535,

2. 338, 10. 549,21. 5552. 34

510 5111511110 65, 12. 135, 501115 35, 28. 145, 11

37. 245, 27. 290, 20. 519,

41, 13. 48, 12, 143, 24.

10080 RERVM at vocanvtonvn

18. 592, 19. positione plu-

ralia intellectu singularia .
348, 14. 550, 7

(1565155115 casibus 138, 2. nomina polyonyma 341, 20

possessiva 36, 12. 147, 7.
5115515505151 primae po·
51115515 35, 4; 14. 143, 15.
340, 14; 30. 549, 33
5105115 34, 29. 35, 3. 139,
32. 140,14. 339, 2; 6.
ι549,225. 510 appellativis
pffimmmmm
147, 21. 340, 5. 549, 35
quantitatis 10, 27. 36, 22.
147, 24. 340, 7. 549, 36
simplicia 11, 10349, 22
55ᾘοοΜ5
550, 5. 571, 13: 18. 574,
2, 18. 579, 7. 584, 10.
593, 13. positione singu-
laria intellectu pluralia 43,
16. 158, 11. 168, 26. 178,
2. 348, 13. 550,6 ’
specialia 148, 33. 341, 25
5550115515 36, 2, 146, 9.
fflm
“3330244935'833' 536, 32.

· t
nfflfflnmmm
31. 611, 29. 636, 14. 1151-
bis sitnilia 37,19. 1511, 13.
341, 1. 454, 23. 459, 31.
47219

nomenclator 388, 15
nominativus 44, 8. 170, 31.

181, 35, 199, 5, 515110511-
1150 11, 32. 44, 13. 360,
1. 429, 16

110555 428, 10
nostras 50, 23. 205, 8
numerorum 36, 23. 45, 11. uestrum nasunrnm 15, 30

10 148, 10. 172, 11. 185, 8. 001115531,23,146,7

nomina abusiva 341, 2
ad aliquid 36, 29. 148,12.Ι
330, 28. 549, 35 Ι

mmmm
mmmummm

ι ad aliquitl qualiter se 115 33

beutia 36, 30. 148, 27.
339, 31
adieetiva 14'l,13. 148, 15.
5105551115 36, 13
animalia 549, 30
, appellativa 35, 5. 139, 32.
338,19. 339, 2; 26, 342,
2. 549, 30
aptota 41, 30, 45. 30. 47, 19.341,4
23. 106, 35. 407, 11. 501, pluralis tautum 1155151142,
13. 533, 6 15. 166, 25. 175, 35. 195,
conposita 11,10. tana. 43, 17, 348, 5. 427, 28. 506,
12. 130, 18. 169, 2. 178, 10. 550, 5. 580, 25. 587,
10. aiant. 506,30. 550,9 21. 588, 21. 589, 10. 5110,-

5511155 148, 9. 340, 2

,55555555555555

555555,

novissimus 154,19. 342, 13
55111515505151 participiis 115555584,20.1111115561,35
5151111522, 30, 37, 31. 58, {tubo 262, 17

3. 62, 33. tn,15.‘11‚5; auctorisatam

24. 72, 10, 149, 19. 243, trugas 138,7

23. 256, 18. 262, 8. 263, nugigerulus 11, 13

29. 340,30. 495,4.520, 19 nullus 566, 1

num nunc 67, 3

patronymica 36,4; 21. 146, numen 584, 17

numeri nominum 16,16 42,

13. 165, 19. 174, 12. 3-17,
32. pronominum 266, 33.
1511101515234,17. 379, 3,
612, 1. 636, 21. numero-
rum nomina 5. nomina

 

