670

10 linita nomina 414, 30. facesso 54, 20. 61, 32. 240,

498, 5. 501, 3 10
00 uerbum 29, 13. 67, 3; 10; facetiae 428, 10
16. 115, 14. 225, 14, 381, 111111 65, 7. 246, 20. 519,1
33. 383, 25. 384, 2; 10. 11110 18, 20. 380, 20544,
437, 1. 638, 31 27. 618, 18. 640, 35
110111ζο 604, 13 faenum 427, 27
epanalepsis 302, 26 1111111428, 10
epenthesis 296, 31. 388, 1. false falso 64, 3. 69, l. 246,
397,8 17. 251, 5. 517, 11. 519,
epicliuiunr 350, 13 11
epicoenon genus nominum 1111111175, 15. 427, 26
11, 7. 39, 16. 161, 4, 344, 111412, 7. 427, 23. 499, 28
23. 506, 43. epicoena ver· fari 474, 19. 664, 23
51(1)448,4.630,3 fas 138, 7. 172, 2. 560, 22
1011161001 350, 14 1111010579, 4
episynaliphe 389, 18, 392, 1110016735
37. 397, 13. 400, 22 11010 59, 24. 240, 33.’ 379,
epitheton 307, 12. 339, 2. 10.382,14.436,12
340, 8 ν fecundo 472, 32
epitriti 31, 1; 11. 125, 7 111500, 39. 536, 31
epizeuxis 302, 26 111001416, 10
1001010426, 21 111111 348, 9. 428, 10
equa equabus 11, 14. 173, 11110 378, 25. 382, 31. 436,
28. 427, 7. 533, 16. 656, 18.438,13.654,15 ’
38 1110 58, 34. 240, 34. 382,18.
equidem73,12 , 436,17.438,13.606,37.
11 110111 0010101415,14. 499, 640, 24. 654, 19; 28⁸. 11-
38. 502, 26. 559, 1 tuli 387, 38
eradico 468, 23 y 1111001 348, 7
1130 33, 29. 131, 6 ferveo 11110 297,19.324,14.
erinacius ericius 578, 7 384, 21. 438, 4. 464, 24.
11101 578, 9 486, 23
110010 erugo 626, 20. 651,34 Fidenae 397, 20
es lluita nomina 417, 1. 502, 1111058, 33. 431, 6. 515, 2
6. 539, 35. 560, 6. graeca figurae orationis 296, 5. 300,
297, 11. 369, 25. 422, 18. 2
424,1 fllia filiabus 11, 14. 46, 4.
11110111 essens43l, 26 173, 28. 189, 6; 19. 354,
11521, 3 6. 427, 7. 533, 17. 556, 38
1101041198, 10 01101556, 15
Eunuchus 39, 19 1110101111 579, 13
euphonia 47, 12. 354, 17; filum 420, 20. 578, 26
29. 366,16; 28. 363, 27. 01011427, 26·
365,18. 517, 1. 542, 14, 1101140, 3. 163, 26. 345, 26
639, 33 110 58, 33. 369, 28. 431, 6.
Euripides 322, 15 11111645, 9
101 nitanotnina raeca350, floralia 348. 10
32. 389, 19. 425, 9 001578, 20
ex fluita uomina 420, 28 flumen 579, 3
excello excelleo 477, 28
excubiae 428, 9
exequiae 428, 8. 506, 20
exheredo 471, 4
exinde 519, 34
exosus 173, 3, 188, 1
explico 431, 17. 607, 3
exta 428, 12, 606, 27
11101111 428,8

000 437, 15

0011401453, 20

1001578, 17. 100111395, 31

foras loris 21,19. 64,21. 67,
30248, 8. 618, 2

10101011397, 16 ,

10111578, 25

1011111397, 16

forsan forsitan fortasse fottc
21, 6. 66, 29.67,6

F 28, 3. 29, 19. 48, 21. 109, 101010 10101, 1011 fora 39, 28.
32. 239, 11, 606, 29 163, 2. 345,14.428, 5

116111011611101233, 6. 369, frenum frenus 163, 27. 346,
14. 628, 17. 653, 21 1. 426, 28 ’

INDEX RERVM ΕΤ vocnuvlouvu

frequentativa 0. 11161

fretum 578, 23

frigeo 437, 27. 606, 35

11130 437, 27. 606, 35

frixorium 606, 36

frondis 428, 23

frons 1100111579, 2

11031428, 28. fruges frux
578, 19

frugi 42, 2. 45, 31
1100101001427, 22. 579, 7
11001 438, 16. 439, 2

fulgeo fulgo 438, 4. 486, 23
fumus 427, 25

funditus 517, 14

fundo fundas, fundo fundis

· 437, 22. 473, 20. 486, 13

1001101 845, 19. 473, 21

funis 678, 28

10001679, 1

101412, 8. 416, 21

10110111428, 5

furibundus 267, 21

furio furis 430, 24. 437, 10.
054, 22

furio furias, furior 450, 21

1010 453, 13. 454,12

1011110 518, 35

,10101001110100118 10; 26.

20, 7. 214, 34. 10 101 11 10
bo 16, 31. 55, 31. 224, 25. ’
381, 28. 384, 9. 512, 38.
544, 13. 545, 16, verho-
rum 3111101010 607, 22.
atticum 610, 35. doricum

101, 13. ooo, 11

Gadir 349, 5

galeatus 262, 11

Gallorum vitia 304, 12

ganeo 413, 6

0031101426, 16

gaudeo 58, 33, 230, 37. 240,
11. 111, 11111, 11. 111,
6. 614, 43

gaudium 579, 17
3111364, 10
Gela 254, 22

, gelu414,14

genae 428, 10

genetivus 182, 24. singularis
primae declinationis 10 11
297, 30. 389, 14. 555, 3.
10 as 43, 20. 179, 33. se-
cundae declinationis iu 1
111 11 359, 17. 360, 35.
498, 39. 536, 15. 655, 11.
tertiae declinationis 367,
30. quartae declinationis
iu 1363, 28. 555, 6. ruu-
1101010111 01111 u 381, 23
quintae 1111110111001110 c

 

