658 iNDEX scutuuouvu

387, 38. 449, 8. 573, 31. 679, 17. 680, 131 Luc. I’iaraui. 111324 475, 10
15. 581, 3. 591, 20. 693, 1. comici 18, 21. 398 426, 28
153,17.162,16.269,18.111111143,30. , 460 426, 30
213, 15. 911111116111 601, 14 584 469, 30
incerti scriptores 295, 14. 571, 6. 580, 17. Ι623 464, 26
581,6; 7. 58221422. 59013. 581,18; 1111168 480, 27
21. 593, 71 23. antiqui 146, 22. 176, 28. 217 564, 26
187, 6. 208, 18. neoterici 146 21. 232. 35. vineat 414, 25
iu antiquis libris sacris 172, 25. 187, 9. ΙΧ 558 482,4
11114111111111111111111111148,28.150, 624 4233
ΜΜΜΜΗΜ.ΜΜ.Μ ΜΜ,3
34. 507, 41. 616, 31. 517, 32. 522, 26. i.uciiiua40, 19. 288, t. 310, 3⁸. 345, 19.
1116111168828.11111111111111 artiumaucto- 301, 1. 400, 8. 584, 24. 590, 9· 618, 16.
111 620, 23. veterum 111111111111111113, 650,32
211111141111111811141121111181111111111118883 ·
(1111111116111183323111111911111131116111 ’ 184 389,15
9981811111Μο11131111811431111-188 109,18
11111112016.·111111111111111111111161111111137 314 593,9
33.(411111141111111111111111111111112017. 11476 42, 28
141111111611111111111141111148,1.·1111>14 1097 162, 32
1116163111221,7.11111,11111930030.οε 1122 659119
synzygiam, 13 1111116 11511, 33
1114611131916. 582,18 , 1011) ium
ΜΜΜ,Μ’8Η Vfflssffld
iuria periti48, 13. 46, 8. 427, 8

1111111111 aut 1, 34 64,14 Macer, Aemilius 576, 5. 592, 20
131 476, 24 Maecenas 575,i. 588, 21. 691, 28

143 4111111 Μ11111111121,5 284, 32

2, 152 484,30 1111138 atat

98 ww ΜΜΜΜᾼΜΜ1
rama

gfflffiss ΜΜΜΗΜΜ
δέ· 497’25 8141131011111111157612
’ ’ 10ςί1111111 commentariis grammaticalibus

fflffffii “ ΜΜΜΜΜ,3

stffffff ΜΜΜΜΜΜ

10, 317 414, 20 0110111576, a. 592, 27
14, 68 4139 maor. 114, 12 676,8

1ΜΜΜ13Μ13Μ11 mmwssma
umuumawnwu “fflssss
333Μ3Μ33Μ1 nfflffiffiss

1Μ’ΜΜΜῌΜΜΜ,Μ;ΜΜΜ9Μ
3.Μ,η mamm

ΒΜΜΜΜΜ

ΜΜΜΠΜΜΜΜΜΜ Μ1Μ4
ΜώΜΜΜΜΜΜ,3 mfflfl
Ή.ΜΜ,Μ.Μ,8Μ,ΜΜΜ immi
Μ,3.ΜΜΜ,3 ΝΜΜΜ
1ΜΜΗ.Μ,ΜΜ1Μ9 fflwfflw

Phanai’ilbl 51. ³0 111848 38, 29
801 355, 17 111408 469, 14

111 524,33 1111111 483,11
114 4688 1111596 469,16
maffia 1Μ.Ή,33Ὴι
116 1843144322 111 ibide 11 475,16
116 11,1 113 111,1
iaus ΜΜΜ ,3

668 345,ῃ 11309 C l

11144 60,6
61 433, 18 21111111187, 11. 206, 28. 278, 21 319, 32
469 428, 23 Palaemon 3758

IV 358 483, 24 Ρ1111111378,24

 

