innnx 5551555555

-ῄ-

Α515111555.Μ5555 9704114110, 60714
ananus 153, 15. 511, 11. 551, 5 ¹¹¹ 8111551150, 18
Alexandefffi5‚22 111515. in Caecil. 1,1 133,18
456155155584,7 . 3.7 2338
45511551115915555511555139,35 · Μ VW- (4861108129 273, 20111 prima
Apollonius Tyrius 579, 25 3011099 77, 5
4115151515534,23. 622, 27 4704466143 27534
451515151151134,9 , 1850 625, 2. 646,8
artigraphi 5. incerti scriptores 24163 371, ‘20
1451111555. Polio 36, 91 42. 31. 177, 32.
Asper 273, 12. 402, 15 “ 498, 36. 506, 25
Astyagius 209, 5. 211, 8 46, 121 312, 6
Attius 187, 11. in Andromeda 606, 38. in , 52, 138. in 1115 tertia ora·
8555111540, 161511515115115485, 16 tione 245, 3. in
Audax 317, 20. 318, 13 praetura 66, 4
1515514555,15515515 1130, 73 4759
Aurelius υ, Opilius 42, 104 15 praetura Siciliensi
Ausonius 579, 3, 582, 27. 589, 6 473, 4. 15 quinta Ver-
rinnrnm 60, 15
Bibaculus 573, 19 111 18, 45 2425
515115 saera 571, 33 15. 578, 28. 579, 5; 9. 84, 194 78, 22
590, 6; 7; 11, 589, 14, 583, 4, 584, 8, 111 1, 2 in sexta verrinarum
585, 4; 7. 586, 15. 587. 7, 9. 589, 10, ll, 153, 31
5906. 591,1;7, 593, 20 12, 28 47.31.197,17
natusne, 18 20,ss 5155
24,53 243111
Caelius 590, 21 52,117 397, 24
Caesar in libris analogiae 144, 19. 197, 31. verrinarum septimo 12, 16
199, 14. 826, 21; 27, 575, 11. in libro 555- V 1, 2 295, 8
logiarumpri1n0108‚ss 1,3 523, 33 .
caper 154, 15. 151, 15. 513, 51. 351, lasne 11, 155 in numentana 52, 15.
lingua latina 175, 30 ²07, 31
Cato 208, 28. 297, 7. 574, 11. 576, 19. , 62,160 nal
58617 555055515521, 61 49512
Celsus 375, 1. 390,6 in Catilinamll,l 133,15.282,12
chartularii 13,1 2 299, 29. 800, 16
Cicero, M. Tunius 26, 38. 71, 28. 111, 11. 7.16 528, 29
254, 31. 304, 8. 305, 8. 357, 22. 373, 14. 8,1915155551151577,6.278,20
436, 6. 516, 17. 517, 8. 520, 28. 556, 31. 111 2, 6 294, 12
576, 3, 12. 584, 25. 591, 8. 592, 21. lva, 13 418,11
644,11 dedomo 555 10, 26 306,17
5511445157 517,4 pro 85511537 624, 31. 645, 36
47,158 600, 19. in libris de oratore 38, 82 574, 11*
637, 21 in Scauriana 144, 29
de orat. 11 68, 277 573, 29 15 Caeliana 25, 81 48,16
pro Quintio 16, 53 624, 34. 646,1 in Pisonem 9, 20 517, 29
pro S. Roscio 7, 18 162, 24. 426, 24 18, 42 481,17
19, 58 471,4 ἰιι1155215551555541,99 234,5

 

