lNllEX llElll'll 131 vouattt'tonvu 611

Ε303. 3. 501,13. 511, 5, 01111111111111111393,3
565, 3 Ι qnamlo 71, 33
pronomina 1111111 303, 33 ι1111111 51, 9
ordinis 301. 1 0111110136,31. qnnto 638, 30
personariva 15, 36 quo 131, 31
possessiva· 11, 39. 15, 35. queo 331, 33. 633, 33
53, 5. 535. 303, 31. 301,1 quercus 11, 31. oua-oo
praepositiva 551,3 qui quis 15, 19. 305, 18.
primigenia 303, 3 , 306,19. 308, 30. 503,1.
privativa 550, 31 511, 30. 505. 30
qualitatis 303, 31. 509. 13 qni 0110115111165, 31. 63. 31.
quantitatis 303, 33. 509, 11 69. 13
relativa 11, 39. 15, 15. oon. qnidam 513, 13
19 quies 533, 18
segregatim 550, 36 quiesco 55, 10. 331, 33. 311,
minonem-a 11, 39, 15, 11. 1. 01110333, 6
00, 1. 11, 11. 111, o 011111 unna 11, 11. roo,
responsiva 550, 31 31, 161, 9. 116, 31. 318,
1111111 iuter pronomina ot 3136, 6. 583, 31
101111153, 11. 311, 33 quisquiliae 138, 11
prrqrago 311, 3 quisquis 53. 3. 301, 35. 308,
propino 119, 3 16
propria o, 1011101 quot 50, aa. 303, 33
propter oo, 10, ora. 11 quoius 00, 31. 101, 1
“ 1100111613, 16. 651, 36*
μ111111111133,33 11 omissum 383, 13. tio, 8.
prothesis 296, 31. 361. 33 lmltsposlluilt 393, 33, pru
prunus 163, 30. 316, 3 11393, 15
1101110111. 39 1 finita nomina 415, 3. toa,
01111111 531. to* 10. 199, 30. 503, 39. 505,
1111110118. 10 16. 558, 30
pun-ns 11, 30 1115111568, 31
pugil 355, 36, 19110. aaut» 11510159, 8
pugillares 138, 6 radicitus 511, 15. 518,10
pugnum 0111111581, 13 radius 588, 38
pulpitum 586, 13 1111111 163, 36, 569, 33
pnlro 636, 18. 651. 30 1111110588, 36
pulvis 13, 19, 161131. 116, 111111111111110 310, 99
9. 111, 33. 31116. 131,35. 11110511, 13
566, 5 11160589, 11
punina 566, 3 roboo 119, 30
1111111113, 5 1000111511, 11
pungo expungo 383, 31 rorlndo 15, 11
runcavocnnuioamaor, 1118111111· “
10 1011110183, 18
punio 0111101333, 1. 369, 11 reguo 363, 18
1110011355, 11 reguum 588, 33
purgo 116, 13 111010611, l
pusio 13, 5 religio 589, 21
putens 536, 11. 581,1 1011011001918, 11. relliquiae
0111111111333, to 983, 11. 381, 30. 386, 3.
pyrriohins 30, 30. 333, to 10110110393,33
pyxis 18, 15 10111ςί013833
10111101011θθ,ἱ6
Q 31, 15. 38,5. 101,31, 101, 1011110589, 19
11, 110, t. 339, 35 10100 589, 10
quadrigar· quadriga 13. 31.’ 1001199,6
116, 39, 390, 0. 318, 9. repostus 888, taoni, 15
396, 6, 138, 9 1000111110 periuro 30, 13; 13.
quaeso 59, 3. 333, 1. 619, 121,21
30. 381, 1, aaa, 11. tao, 100110 356, ut
1. aaa, 6 16010100 395, 30
quaestio 588, 19 fluo 806, 89
qualis· 51, ’.11 file ω, 2⁹1
0

11111533. 35

10601116, lo

roboro 131, 33

10111651, 33

100 589, 8

rosa rosum 569, 13

1061110589, 1

ructo 111101638, 18. 653, 33

ronna 113, 10

111110 111, 36

rumen 501, 9

1111110161, 13

11111101 680, 6

1110 paruo 393. 1

11111539, l

1103136. 69, 5. 113, 6. 138,
031. 569, 3

S 33, 1. 39, 35. 106, 35. 116,
11. 111. 33. 395, 13. 111-
num 331, 6. 393, 3. 01110-
sum in 1111 vocabulorum
109, 16. 388.1; 31, 33

0111110 1011110198, 15. 503,
5. 501, 36. 561, 39

0111115909

0101101111, 15

ragusam

0111 01100 318, 31.591,1. sa·
110 560, 31

8111110506, 33

saliens 590, 31

0111061, 19. 383, 33·

01111061,19

salsamentum 011101101331,
10. 331. 15. 393, 19

01110136, 11

6010110561.1

sancio 11, 11

01111110ιί011 398. 5

arnugum 166, 30. 110, 11.
316, 6. 131, 35

sapor 589, 35

1101013131

Sardus Sardiniensis 1-11, 38

sartor 119,8

0111110391, 11. 438, 15. ton,
38

81111111111318,10. 133, 11

8111111339, 31

0011111610 610. 13

1110111161, 38

scabillum 590,1

oculor· 011111 13, 31. 116, 39,
390, 6. 318, 9. 3965133,
11,590,18

scalper suulprnnt 591, 11

1111110161, 6

11111111 191, 13. 393, tamt,
13

0111111111 111010011οᾼ1110111118
111110 399, 19. 811), 38

solun-is onomaton 908, to

Suillar'runl 819118108Μῆ 1

 

