uuux suuwlouvll 657

ἱη1111511111112,5 3057
2553 1852
pro Deiotaro 7, 20 2651
in Philippicis ll 27, 67 586, 7
3575 25 13. 253, 27
1111119 15511

ll 13, 39 6455
1111111111111536 5753

de nn1.decr.lll 10, 25 575 5

32, 81 51530
in primo dc rc publica l 13 620, 5644, 11

1111181113, 16 5851

de legibus tertio 620, 8. 644, 9
epistulae 154, 14. ad Pansam 572, 17
Cincius 349, 11*
(111110) 349, 11
Claudianus 589, 3
codicilli 13, 31
Coelius in primo 651 33
Cornelius v. Nepos el Severus
Cornificius Gallus 43, 2
Cotta 58517
Cyprianus 586, 14

Donatus nominatim appellatus 9, 3: 8. 1534.
2519. 3519. 50, 18. 55, 2. 62, 32. 96,
14, 98, 6. 99, 26. 10519. 117, 29. 118, ¹
18. 134, 7. 13516. 140, 3. 149, 24. 151,
6. 1551. 157, 20. 16518. 18634. 188,
29. 196, 4. 199. 32. 200, 11. 206, 7. 217,
20. 224. 30. 231, 15. 23517. 234. 22.
240, 3. 243, 21. 270, 35. 274, 33. 278, 25.
279. 18; 28. 280, 15. 281, 20. 288, 6.
289. 6. 317, 4; 16. 319, 21. 320. 191251
34. 323, 21. 325, 2, 326, 7. 327, 3; 14; 24.

1111110610, 30
Dynamius 579, 13

11111110518. 584. 26. in 1111555287,
29, 291, 17; 2529530. 303. 21; 33.
304, 4. 310, 3⁸3 4. 400, 9. 555. 3. 626,
21, 651, 35. in Χ annalium 6459 in lra-

poedin 574, 24

’ Fabianus 595 17

Fabius 328, 17

Fortunatus 588, 14. 58530. 593, 5
8101111349. 15

’ Frontonianum

Gracchus 577, 30

Hieronymus 320, 4
Homerus 587, 11
11, A 105 600, 26
449 60527
659 637, 25
3264 62513,
Δ 125 628, 26. 633, 37. 653, 32
8124 624, 23
Ν 41 637, 26
60 62514
1111 60510

uom. 111. 1111 111,11.111,11.111,11

11111111 aaa, 16
1111 111, 11
11111 114, 11
1111 ano, ιο
urano 11111

. in secundo definibus honorum eturaloruin Ηοι·1111111·11ηιι.12,,7 44511

4,1 41525
4,’4 468, 20
513 4659
9,1 34512
55 27533
18,15 15535
34,3 48511
113,6 57523
3,18 484, 26
7,3 42, 21. 176, 33
111517 27530
510 45516521,
19515
8, 14 10522
11, 51 55518
23.3 242,7
252 4525 ’
27, 25 4859
2528 66, 10
2537 458
17534 48533
543 55518
1524 42, 23
epod. 59 483, 29
4,4 42, 23
51 74,8
6. 10 461,8
1511 467. 21
17,18 166,28.176,9
1548 4519
1550 293, 28
11111.Ι2,34 47519
45 454,4
3, 66 48519
524 48528
5125 4852
8,17 40523
46 47513
9, 76 48519
153 348, 26
71 46529
72 10516
11510 47522
4, 33 57511
535 48510
1111151159 461. 14
1540 4758
79 78. 5. 28530
11533 47531
126 48536
5159 4857

de 11111511. 56 51517

” 60 3254
298 16531

Incerti poetae 118, 30. 287, 14; 16. 280,
20. 291, 27; 29. 294, 8. 296, 7. 310, 3; 4.

 

