INDEX SCRIPTORVM

,VergAenXlllss'l'I 237, 19. 324, 14. 399, Verg. Aen. xl 230 649, 21

15. 46924 · 234 577,7
698 55927 262 7919 27931, 389,
1111 390, 5401, 17 24548, 20
26 29932. 38915. 5595 264 389, 26
38 58916 285 6191563916
114 74, 26 309 2926. 108, 26. 109,
137 399, 28 15. 117, 25. 399, 20
138 2918 368 305, 31
231 3897 371 84910
383 57912 374 693
427 30910 423 58915
460 308, 21 438 57, 29
513 52916 459 495, 39
514 2797 >464 44,15
580 50928 477 7920
593 35, 6. 140, 35 540 34919
609 29292994 648 39926
610 110,24.117,16.399,20 657 307, 28
619 40, 27 686 2997
624 29, 10 714 5748
627 57921 785 34911
641 1791418913 822 508, 15. 541, 31
674 3914 824 650, 27
699 523, 7. 571,4 855 6920
709 4921 857 3897
809 30911 890 39141293
Χ17 119, 20 141123 390, 3. 402, 28
94 67,8 36 464,19
101 5927 41 48918
108 365, 22 59 77,1
116 493 , 119 3095
149 301,23 159 504,2
170 244,12 176 ’841, 27
180 30930 192 3692
273 24927 264 48920
303 5795 280 47927
383 626, 25. 651, 25 329 521, 26
394 118,20.299,’14.341,3, 348 14932
453 38933 353 3193 . ·
457 5797 525 5917
493 29,23.110,24.117,19 566 641, 28
518 469, 23. 4896 587 5893
540 477, 21 596 48926
868 13924. 4098 673 472, 26
727 484, 25 770 40, 6. 345, 30. 346, 33
762 548, 25 802 50928 ’ =
778 4097 827 3495
832 574,3 887 57918 ,
“ xm 28,14.30,3.111,3 905 30,14.120,3.121,38
12 30924 919 57919
79 481, 19 Verrius Flaccus 29934
183 308, 22 Volumnius 574,1

camme! LATINI V.

 

