INDEX schmnvM

Verg. bucol. 9, 99 34990 Verg.qeor9.1480 177. 33
93 93933 489 30, 13, 191, 35
54 49995 1147 51917
55 1191939911 19 5099
3,1 595. 594. 910, 94 95 347,3
90 5799 31 58999
95 91993 79 51935
59 58990 193 5794
“ 77 54935 914 591, 95
979 1197 949 477, 14
83 50915 950 5491955995
89 177, 39. 558, 7. 57910 999 9999
90 3198 314 58999
94 5994 384 51, 90. 383, 33. 5999
4, 57 389, 93. 493, 19 447 57914
95 59310 449 41.1
· 37 58939 455 5915
78 5899 485 39919
944 1198 519 57919
47 10990 535 3095
54 45913 549 310, 95
59 991,15 11117 5899
7,1 5917 35 598
5 594, 39. 5497 53 7914
37 39191493 75 59939
941 9599951917 93 9798
43 93935. 4099953914 , 135 30995
47 107,7 155 51918
55 38993 155 50997
71 91991 157 51935
87 5910 919 4795
911 54997 915 54911
39 57, 97. 5198 993 939, 7. 449, 99
191 40919 930 909, 95
19 99, 99 943 39914
ρεονμ 49 40994 955 50910
43 47993 954 58914
78 585, 95 985 55, 98
105 5999795 ’ 999 57919
108 591, 95 311 584,5
131 5595 395 135, 3, 955, 35
139 57919 355 59915
138 4099 374 4797
- 150 57914 375 19911
154 58930 381 3093939935
155 59999 409 5891
183 5991 449 58993
185 59199398 “ 450 58914
908 5598 481 ,35917
910 177, 33. 505, 95. 5798 495 58918
939 40915 498 40918
933 57917 499 51919
951 471, 93 559 14999
954 59995 {V 59 939, 94. 3094
315 5797 139 47998
397 1994. 39931 167 58913
400 5997 181 93915
419 48917 185 5930
434 51, 99094 193 4895
449 9799949995 991 47933
445 958, 99. 9995 300 584, 99
447 30991 313 4897
457 3917 377 58919
, 490 59911 477 58915

 

